
Handles  NPM(K)    PM(K)      WS(K)     CPU(s)     Id  SI ProcessName  
-------  ------    -----      -----     ------     --  -- -----------  
    170      10     2244       8064              4364   0 AdminService 
    289      15     3764       1564       0.08  16260   1 AdobeColla...
    389      19     6180       4640       1.70  16316   1 AdobeColla...
    155      10     2088       9096              7300   0 Aggregator...
    150       9     2252       6524              2500   0 amdfendrsr   
    385      22     8668      26608       0.16   4632   1 Applicatio...
    141      10     1712       6488              3300   0 armsvc       
    339      17     4264      13736              3060   1 atieclxx     
    214      10     1600       6480              2512   0 atiesrxx     
    256      13    63696      19196       0.08  14956   0 audiodg      
    208      13     2612      11172       0.11   3984   1 AutoModeDe...
     63       5     1920       3592       0.05   7880   1 cmd          
     61       5     4000       4004       0.00   7940   1 cmd          
    304      16    10772      20704       0.22  13104   1 cmd          
    137      10     5816       7560       0.05   4084   1 conhost      
    141       9     1412       8328       0.00   4936   1 conhost      
    116       8     5360       5852       0.02   6400   1 conhost      
     93       7     5232       5328              6700   0 conhost      
    141      10     5860       7728       0.08  10784   1 conhost      
    766     101    24552      55828       6.50  11004   1 CrossDevic...
    737      24     6076       5320               736   1 csrss        
    851      27     2324       4872               912   0 csrss        
    538      20     6520      26396       4.63   4448   1 ctfmon       
    263      15     5020      13372              4504   0 DAX3API      
    176      11     2624       9388              6872   1 DAX3API      
    135       9     1420       8704       0.03   6112   1 dllhost      
    329      28     6604      17072       0.44   9432   1 dllhost      
    155       9     1760      10952       0.08  12676   1 dllhost      
   1188      71   105336      88484              1644   1 dwm          
   4599     150   189032     260180      46.36   9020   1 explorer     
    241      10     1700       7244              4372   0 FMService64  
    195      14    17452      12504       0.33   7124   1 FnHotkeyCa...
    343      22    34224      20476       0.50   6672   1 FnHotkeyUt...
     42       9     3284       5040              1188   1 fontdrvhost  
     42       6     1440       2892              1196   0 fontdrvhost  
      0       0       60          8                 0   0 Idle         
      0      13      340         48             10864   1 LauncherRS...
    912      48    26076      45704              4008   0 Lenovo.Mod...
    239      14    20548      11808              3568   0 LenovoUtil...
   1037      56    58260      67988              4584   0 LenovoVant...
    327      15     9536      16012              3840   0 LNBITSSvc    
    199      12     1868       2724       0.17   9656   1 LocationNo...
     61       8     1304       3380              1032   0 LsaIso       
   1668      28    10308      22532              1044   0 lsass        
    211      11     2832       2676              9096   0 mcapexe      
    424      21     6472      14108              8796   0 McCSPServi...
    450      20    35804       7828       1.64   5632   0 mcshield     
      0       0     1252     132096              2628   0 Memory Com...
    764      35    27520      21756              1352   0 MfeAVSvc     
    325      14     4968      14176       1.41  13284   1 MfeBrowser...
    388      18     4276      11472              4420   0 mfemms       
    358      12     5388      11676              5304   0 mfevtps      
   6069      45    24784      29504              5208   0 MMSSHOST     
    397      21     5940       8608              4544   0 ModuleCore...
    757      45    28980      50496              6684   0 ModuleCore...
    377      26    10004      27068       0.91   7608   1 ModuleCore...
    399      22    10704      33192              8116   0 MoUsoCoreW...
    487      18     9436      20652              4348   0 MpDefender...
    262      20    25956      58480       0.41   2648   1 msedge       
    492      31   113780     175228      10.08   3948   1 msedge       
    246      22    39532      56380       0.89   4328   1 msedge       
    494      45    24268      49788      17.00   5272   1 msedge       
    210      17    15120      28756       0.06   6660   1 msedge       
    300      20    22424       9352       0.34   7280   1 msedge       
    366      28    78072     128336      13.64   8724   1 msedge       
    255      14     8256      22272       0.13  10288   1 msedge       
    262      20    23836      57524       0.23  10468   1 msedge       
    301      20    22468       9384       0.45  10752   1 msedge       
    239      15     7768      20080       0.13  11256   1 msedge       
   2456      88   133328     228520      73.06  11568   1 msedge       
    189      12    12088      22432       0.61  11632   1 msedge       
    267      10     2188       8132       0.08  12680   1 msedge       
    358      24    55068      17384       2.78  12772   1 msedge       
    438      57   325840     305960      63.39  13096   1 msedge       
    263      21   117000     134860       9.22  13320   1 msedge       
    270      23    43896      76480       0.63  13420   1 msedge       
    972      45   145048     132208      27.30  13712   1 msedge       
    268      21   120096     147260       8.91  14088   1 msedge       
    356      34    89272     129428       4.88  14824   1 msedge       
    312      24    77680     118936       6.58  14832   1 msedge       
    217      13     7372       3840       0.14   3164   1 msedgewebv...
    161       9     2104       7460       0.08   3596   1 msedgewebv...
   1329      46    37524      13144       4.56   4600   1 msedgewebv...
    656      70   163452       6244       8.28   8172   1 msedgewebv...
   1910      30    59292       7556       3.61   9972   1 msedgewebv...
    174      10     7980       3300       0.20  10008   1 msedgewebv...
    337      18    12160       5960       1.30  10776   1 msedgewebv...
    816     200   261484     185068              3120   0 MsMpEng      
    218      12     3760      10492              9116   0 NisSrv       
    728      26    38148      30472              4552   0 OfficeClic...
    298      15     3148      16224       0.44  10364   1 OpenConsole  
    419      30    19628      11196              4388   0 PEFService   
   1073     107    51708     157692       1.09  14360   1 PhoneExper...
    556      29    54128      62220       0.67  12508   1 powershell   
    333      18     4676      15728              5476   0 ProtectedM...
    154      10     1596       7984       0.03   4284   1 py           
    222      19    23204      37908       0.16  15216   1 python       
    196      19    19788      28384       3.44   9444   1 pythonw      
    661      40    39792      69872      10.28   9580   1 pythonw      
    140       8     1252       5612              4112   0 QcomWlanSr...
      0      16     9144      33580                96   0 Registry     
    339      13     3004      10556              4476   0 RtkAudUSer...
    331      13     3940      12408       0.14   6280   1 RtkAudUSer...
    545      22     5580      29216       1.06   1228   1 RuntimeBroker
    221      12     2816      15024       0.06   4456   1 RuntimeBroker
    310      18     5916      22608       0.45   4612   1 RuntimeBroker
    674      32    12040      47208       1.08   9024   1 RuntimeBroker
    167      11     2204      10688       0.08  11128   1 RuntimeBroker
    289      16     5316      19732       0.25  11236   1 RuntimeBroker
    156      11     2232      11224       0.08  14352   1 RuntimeBroker
    187      10     2028       9556              5880   0 SearchFilt...
    175      10     1812       9548             15328   0 SearchFilt...
   1580     127   169436      98252      13.94   5104   1 SearchHost   
    862      21    29976      43432              7096   0 SearchIndexer
    375      14     2640      14972              5192   0 SearchProt...
      0       0      188      19164                60   0 Secure System
    489      21     7192      18228              6548   0 SecurityHe...
    196      11     1896      10716       0.11   6764   1 SecurityHe...
    813      13     5656       8528               864   0 services     
     70       5      740       3496              3328   0 SessionSer...
    791      36    19212      39540       0.48  11280   1 ShellExper...
    709      22     6864      33120       5.23   6424   1 sihost       
    244      14     3292      12524       0.23   9548   1 smartscreen  
     58       3     1084        980               516   0 smss         
    431      21     5420      13884              3716   0 spoolsv      
    925      44    56976      48944       2.92    892   1 StartMenuE...
    160      11     1840       9268               716   0 svchost      
    340      11     2556       7996               868   0 svchost      
   1326      24    11128      30548              1156   0 svchost      
    418      19     4152      17428              1320   0 svchost      
   1475      19     7944      15244              1324   0 svchost      
    317      12     2644       8856              1392   0 svchost      
    123       8     1224       4944              1540   0 svchost      
    215      22     1960       7928              1580   0 svchost      
    240      25     2688      11008              1616   0 svchost      
    303      24     3200      10616              1624   0 svchost      
    254      13     2812       9652              1712   0 svchost      
    314      10     1964       9608              1720   0 svchost      
    159      27     5544       6576              1728   0 svchost      
    266      11     2628      10860              1924   0 svchost      
    198      11     2272       9880              1928   0 svchost      
    192       7     1624       5936              1952   0 svchost      
    396      24     3392      12144              1968   0 svchost      
    110       8     1108       5136              1984   0 svchost      
    987      20     5476      14624              2000   0 svchost      
    431      19     6604      15300              2036   0 svchost      
    239       8     1272       5736              2116   0 svchost      
    124       8     1268       6408              2132   0 svchost      
    150      10     1968       8484       0.05   2140   1 svchost      
    190      11     1864       7968              2416   0 svchost      
    275      13     3344      13700              2464   0 svchost      
    477      22     6848      32944       2.17   2524   1 svchost      
    493      15    18784      14148              2544   0 svchost      
    252      14     3032      15892       0.08   2620   1 svchost      
    299      15     3276       8320              2636   0 svchost      
    223      11     1944       8816              2688   0 svchost      
    258      11     2668       7804              2808   0 svchost      
    155      10     1764       7712              2916   0 svchost      
    207      11     2276       7208              2972   0 svchost      
    187      10     1888       7288              3044   0 svchost      
    264      16    55080      57428              3052   0 svchost      
    189      13     1820       8048              3100   0 svchost      
    246      11     1992       8276              3128   0 svchost      
    177      11     1896       7632              3144   0 svchost      
    306      10     6628      14424              3248   0 svchost      
    389      19    30168      26068              3308   0 svchost      
    461      14     3576      13688              3312   0 svchost      
    168       9     1456       6976              3336   0 svchost      
    223      12     2264       9708              3376   0 svchost      
    465      13     2368       8980              3384   0 svchost      
    191      12     1588       6812              3448   0 svchost      
    545      25     6660      20292              3640   0 svchost      
    203      13     2188      10556              3680   0 svchost      
    442      33    14424      16312              3784   0 svchost      
    191      11     1844       7420              3824   0 svchost      
    388      27     4224      14208              3952   0 svchost      
    664      30    23488      42896              3964   0 svchost      
    371      17     2648       9576              4132   0 svchost      
    270      14     2620       7208              4140   0 svchost      
    561      19    10756      20092              4208   0 svchost      
    186      11     1856       7920              4220   0 svchost      
    136       8     1252       5620              4232   0 svchost      
    216      12     2348       8544              4640   0 svchost      
    236      18    20120      12412              4832   0 svchost      
    158      42     1668       6956              5132   0 svchost      
    111       8     1260       5984       0.02   5144   1 svchost      
    203      11     2124      11128              5376   0 svchost      
    480      19     8556      23732       0.75   5840   1 svchost      
    556      22     8408      32136       2.95   5996   1 svchost      
    253      12     2396       8460              6204   0 svchost      
    211      12     2076      11520              6796   0 svchost      
    209      11     2592      11652              7668   0 svchost      
    325      16     4500      12944              7900   0 svchost      
    271      14     3744      17972              8004   0 svchost      
    210      13     2396      11080              8664   0 svchost      
    417      24     5172      18960              8764   0 svchost      
    217      13     2548      11972              9036   0 svchost      
    424      26     5452      20884       0.41   9316   1 svchost      
    492      21     5200      18140              9508   0 svchost      
    248      15     3232      13380              9824   0 svchost      
    504      19     4512      21804             10000   0 svchost      
    236      14     3412      10812             10236   0 svchost      
    137       8     3576       9872             10384   0 svchost      
    296      14     6152      17528             10716   0 svchost      
    381      17     3832      16252             10996   0 svchost      
    195      11     2104      11188       0.05  11380   1 svchost      
    237      19     1984       7640             12728   0 svchost      
    151       9     1644       9120       0.02  13544   1 svchost      
    176       9     1656       7620             14976   0 svchost      
   4849       0       64       4880                 4   0 System       
   1454      71   136908       1796       2.34  12276   1 SystemSett...
    331      43     8808      20952       0.69   6564   1 taskhostw    
   1013      39    25924      61408       2.41   6836   1 TextInputHost
    138       9     1512       7888       0.02   4076   1 unsecapp     
    132       9     1428       7724       0.03   8052   1 unsecapp     
    169      10     2004       9528              8080   0 unsecapp     
    145      10     1872       8924       0.00  13668   1 UserOOBEBr...
    144      12     2160       6512              3932   0 vmnat        
    104       9     7820       5584              4100   0 vmnetdhcp    
    237      16     3916      11240              4576   0 vmware-authd 
    237      14     3048      12104              4712   0 vmware-usb...
    679      49    34088      30236       4.78  11200   1 WhatsApp     
    872      35    10960      51056       3.19   1568   1 Widgets      
    338      19     4780      20584       0.59   8368   1 WidgetService
    673      35    28472      73144       1.94  15488   1 WindowsTer...
    145      11     1412       5820               724   0 wininit      
    282      13     2544      10012               860   1 winlogon     
    189      13     2932       9840              7696   0 WmiPrvSE     
    388      18     7476      17812             15484   0 WmiPrvSE     
    298      11     7268       7260              1276   0 WUDFHost     
    226       8     1556       5472              1436   0 WUDFHost     


